nlevels <- c(3, 5, 7, 9)
csizes <- c(1, 3)
sample.sizes <- c(21, 30, 48, 60)
diff.probs <- c(0.05, 0.07, 0.10, 0.15)
targets <- c(0.25, 0.3, 0.33)
